{
  "cameras": [
    {
      "rotation": [
        [
          0.9886325227395081,
          0.004106897999261063,
          0.15029593597479707
        ],
        [
          0.018457500922758774,
          -0.9953809941289734,
          -0.09421251077485848
        ],
        [
          0.14921479699213147,
          0.09591563957791323,
          -0.9841418263862972
        ]
      ],
      "translation": [
        -1.6901163071035867,
        1.5564239578707524,
        8.213576698783294
      ],
      "image": "WhatsApp Image 2025-12-08 at 11.09.56 PM.jpeg"
    },
    {
      "rotation": [
        [
          0.9954749484220885,
          -0.007248655847117195,
          0.09474747517717945
        ],
        [
          0.00159644461366297,
          -0.9956697831473762,
          -0.0929469434239351
        ],
        [
          0.0950109384683453,
          0.09267761280733747,
          -0.9911527539464828
        ]
      ],
      "translation": [
        -1.6899954469652383,
        1.527353879235064,
        8.178031147824326
      ],
      "image": "WhatsApp Image 2025-12-08 at 11.09.56 PM (1).jpeg"
    },
    {
      "rotation": [
        [
          0.9999011359664214,
          -0.013758908638705644,
          -0.002900125192562133
        ],
        [
          -0.013959386912148151,
          -0.9960949192048596,
          -0.087178251022266
        ],
        [
          -0.0016893223782716506,
          0.08721011619838603,
          -0.9961885071724959
        ]
      ],
      "translation": [
        -1.7291717660437251,
        1.5422399443627852,
        8.17921366263821
      ],
      "image": "WhatsApp Image 2025-12-08 at 11.09.56 PM (2).jpeg"
    },
    {
      "rotation": [
        [
          0.9999011359664214,
          -0.013758908638705637,
          -0.002900125192562015
        ],
        [
          -0.013959386912148129,
          -0.9960949192048597,
          -0.08717825102226573
        ],
        [
          -0.001689322378271546,
          0.08721011619838603,
          -0.9961885071724962
        ]
      ],
      "translation": [
        -1.7291717660437242,
        1.542239944362786,
        8.179213662638201
      ],
      "image": "WhatsApp Image 2025-12-08 at 11.09.56 PM (3).jpeg"
    },
    {
      "rotation": [
        [
          0.99655610222022,
          -0.02286036584305815,
          -0.07970783400120117
        ],
        [
          -0.028933059942192987,
          -0.9966967782027254,
          -0.07588419046605871
        ],
        [
          -0.07770980099075643,
          0.07792904461001138,
          -0.993925676716397
        ]
      ],
      "translation": [
        -1.764868174648518,
        1.5314247223065318,
        8.186187013824513
      ],
      "image": "WhatsApp Image 2025-12-08 at 11.09.56 PM (4).jpeg"
    },
    {
      "rotation": [
        [
          0.9873608553782947,
          -0.040021958093450716,
          -0.15335183121504609
        ],
        [
          -0.0522371456995954,
          -0.9957025086932001,
          -0.07647087544435907
        ],
        [
          -0.1496322888811142,
          0.0835150109407495,
          -0.9852083135417424
        ]
      ],
      "translation": [
        -1.7851108519114458,
        1.5259038032078294,
        8.17238277056466
      ],
      "image": "WhatsApp Image 2025-12-08 at 11.09.57 PM.jpeg"
    },
    {
      "rotation": [
        [
          0.9599864882251886,
          0.021775918457263465,
          0.27919840938016005
        ],
        [
          0.05772471438881559,
          -0.9909494398144084,
          -0.12119020208019861
        ],
        [
          0.27403247941402586,
          0.1324576049415523,
          -0.952555081409652
        ]
      ],
      "translation": [
        -1.5119232563189864,
        1.098148064428938,
        6.143582654663333
      ],
      "image": "WhatsApp Image 2025-12-08 at 11.09.57 PM (1).jpeg"
    },
    {
      "rotation": [
        [
          0.9553323615223203,
          0.018982526390101978,
          0.29492328277034224
        ],
        [
          0.05413856177145094,
          -0.9922885629006677,
          -0.11150078056160438
        ],
        [
          0.2905324339166024,
          0.12248702636760099,
          -0.9489930627850333
        ]
      ],
      "translation": [
        -1.267256840174281,
        0.7797305774227387,
        4.588367912918787
      ],
      "image": "WhatsApp Image 2025-12-08 at 11.09.57 PM (2).jpeg"
    },
    {
      "rotation": [
        [
          0.9868998386099525,
          0.0030833710508142353,
          0.16130468491216515
        ],
        [
          0.020492622176767172,
          -0.9941147858749849,
          -0.1063759603531444
        ],
        [
          0.16002737574543327,
          0.10828797406774446,
          -0.9811549080977651
        ]
      ],
      "translation": [
        -1.2762411195486019,
        0.7666410075066641,
        4.570295073195033
      ],
      "image": "WhatsApp Image 2025-12-08 at 11.09.57 PM (3).jpeg"
    },
    {
      "rotation": [
        [
          0.9991985846017404,
          -0.00564452904934172,
          0.03962736203293867
        ],
        [
          -0.0009370548883976577,
          -0.9930344890003575,
          -0.11782031057476898
        ],
        [
          0.04001637737245317,
          0.11768875455033947,
          -0.9922439451034082
        ]
      ],
      "translation": [
        -1.3226038804507434,
        0.7322965118900412,
        4.482942807717131
      ],
      "image": "WhatsApp Image 2025-12-08 at 11.09.57 PM (4).jpeg"
    },
    {
      "rotation": [
        [
          0.9970721336437072,
          -0.01667497225333238,
          -0.07462644043190224
        ],
        [
          -0.025482700351708756,
          -0.9926059084924436,
          -0.1186766295808768
        ],
        [
          -0.07209571619708538,
          0.12023084348968967,
          -0.9901246143692153
        ]
      ],
      "translation": [
        -1.3630966790178798,
        0.7485932513934415,
        4.493480734595504
      ],
      "image": "WhatsApp Image 2025-12-08 at 11.09.57 PM (5).jpeg"
    },
    {
      "rotation": [
        [
          0.9751845823450973,
          -0.034367776184845635,
          -0.218709593563078
        ],
        [
          -0.05537951699721457,
          -0.9943393366968658,
          -0.09067740950419896
        ],
        [
          -0.21435517127789014,
          0.10053924336966813,
          -0.9715676616114192
        ]
      ],
      "translation": [
        -1.9043608135158316,
        0.7534812769918893,
        4.5085155614714125
      ],
      "image": "WhatsApp Image 2025-12-08 at 11.09.57 PM (6).jpeg"
    },
    {
      "rotation": [
        [
          0.8926210908271769,
          -0.08318431414157196,
          -0.44306653912397537
        ],
        [
          -0.10530392614791423,
          -0.9941128738204992,
          -0.025508375922083104
        ],
        [
          -0.4383362537462944,
          0.06942596045532212,
          -0.8961257527080229
        ]
      ],
      "translation": [
        -0.2585640468406065,
        0.5369953008105265,
        3.6429023734369816
      ],
      "image": "WhatsApp Image 2025-12-08 at 11.09.57 PM (7).jpeg"
    },
    {
      "rotation": [
        [
          0.7532044722873017,
          -0.18521101498707002,
          -0.6311734332605157
        ],
        [
          -0.1561238529469974,
          -0.9824585537304383,
          0.10198300222527237
        ],
        [
          -0.6389901137477728,
          0.02172717490505538,
          -0.7689080337746856
        ]
      ],
      "translation": [
        3.620603991177008,
        -0.06703412398942016,
        1.1802797098133575
      ],
      "image": "WhatsApp Image 2025-12-08 at 11.09.57 PM (8).jpeg"
    },
    {
      "rotation": [
        [
          0.9630517127620521,
          -0.0788864176004979,
          -0.2575040420347582
        ],
        [
          -0.0915456950181797,
          -0.995093440965444,
          -0.0375290483651111
        ],
        [
          -0.2532800510693983,
          0.0597158008044123,
          -0.9655481546067863
        ]
      ],
      "translation": [
        2.9440613818791634,
        -0.009211331481072194,
        1.6696293417054864
      ],
      "image": "WhatsApp Image 2025-12-08 at 11.09.57 PM (9).jpeg"
    },
    {
      "rotation": [
        [
          0.9997831015324836,
          -0.011227653720815314,
          -0.017541085542612612
        ],
        [
          -0.011808186681008578,
          -0.9993739657436727,
          -0.03335031215851869
        ],
        [
          -0.017155658465772834,
          0.03355020693959504,
          -0.9992897812931523
        ]
      ],
      "translation": [
        0.5213736387286786,
        -0.209453890393009,
        0.5252315707863027
      ],
      "image": "WhatsApp Image 2025-12-08 at 11.09.57 PM (10).jpeg"
    },
    {
      "rotation": [
        [
          0.9962065143293487,
          -0.009616277443565677,
          0.0864876177027657
        ],
        [
          -0.007412340220956999,
          -0.9996404733583617,
          -0.02576783336486001
        ],
        [
          0.08670431373478564,
          0.025029007810913193,
          -0.9959196306669439
        ]
      ],
      "translation": [
        -1.3871599003174622,
        -0.29509905776536915,
        0.017634405059672235
      ],
      "image": "WhatsApp Image 2025-12-08 at 11.09.57 PM (11).jpeg"
    },
    {
      "rotation": [
        [
          0.9630517127620513,
          -0.07888641760049792,
          -0.25750404203475824
        ],
        [
          -0.0915456950181799,
          -0.9950934409654437,
          -0.0375290483651112
        ],
        [
          -0.25328005106939855,
          0.059715800804412966,
          -0.965548154606786
        ]
      ],
      "translation": [
        2.9440613818791728,
        -0.009211331481065328,
        1.6696293417054948
      ],
      "image": "WhatsApp Image 2025-12-08 at 11.09.57 PM (12).jpeg"
    },
    {
      "rotation": [
        [
          0.9997831015324838,
          -0.01122765372081503,
          -0.01754108554261208
        ],
        [
          -0.011808186681008246,
          -0.9993739657436733,
          -0.0333503121585183
        ],
        [
          -0.01715565846577231,
          0.033550206939593846,
          -0.9992897812931524
        ]
      ],
      "translation": [
        0.5213736387286706,
        -0.20945389039302167,
        0.525231570786288
      ],
      "image": "WhatsApp Image 2025-12-08 at 11.09.57 PM (13).jpeg"
    },
    {
      "rotation": [
        [
          0.996206514329348,
          -0.009616277443566253,
          0.08648761770276381
        ],
        [
          -0.007412340220957429,
          -0.9996404733583614,
          -0.025767833364861548
        ],
        [
          0.08670431373478409,
          0.025029007810915382,
          -0.9959196306669433
        ]
      ],
      "translation": [
        -1.3871599003174335,
        -0.29509905776534356,
        0.01763440505964839
      ],
      "image": "WhatsApp Image 2025-12-08 at 11.09.57 PM (14).jpeg"
    },
    {
      "rotation": [
        [
          0.9935954060829033,
          0.0045103785290431485,
          0.11290626863232964
        ],
        [
          0.011901462650014568,
          -0.9978224887545966,
          -0.0648740018988572
        ],
        [
          0.11236780765744854,
          0.06580225999999775,
          -0.991485521014377
        ]
      ],
      "translation": [
        -2.368223919446052,
        -0.19540546811624604,
        -0.20484507865895155
      ],
      "image": "WhatsApp Image 2025-12-08 at 11.09.57 PM (15).jpeg"
    },
    {
      "rotation": [
        [
          0.9862520931196087,
          0.009946652889982796,
          0.16494809157270182
        ],
        [
          0.019974482275473115,
          -0.9980434914144122,
          -0.059247019360953765
        ],
        [
          0.16403605967901394,
          0.06172724958733049,
          -0.9845211616737177
        ]
      ],
      "translation": [
        -3.3996179577325143,
        -0.5048493834698237,
        -1.8784597983488698
      ],
      "image": "WhatsApp Image 2025-12-08 at 11.09.57 PM (16).jpeg"
    },
    {
      "rotation": [
        [
          0.9808714796959817,
          0.027926700004935304,
          0.1926427775595319
        ],
        [
          0.03427650963113761,
          -0.9989707694206401,
          -0.029707284134383116
        ],
        [
          0.1916148773099925,
          0.03574214976702951,
          -0.980819166576341
        ]
      ],
      "translation": [
        -3.8288843461620847,
        -0.032627920285322236,
        0.5280107755703762
      ],
      "image": "WhatsApp Image 2025-12-08 at 11.09.57 PM (17).jpeg"
    },
    {
      "rotation": [
        [
          0.9807792504578638,
          0.01687250712288052,
          0.19438976406873343
        ],
        [
          0.01679929755363617,
          -0.9998568307212051,
          0.0020252559964596822
        ],
        [
          0.19439610457263268,
          0.0012792824297797323,
          -0.9809222792675525
        ]
      ],
      "translation": [
        -3.691365629544176,
        0.1836643631446429,
        1.6096119832332991
      ],
      "image": "WhatsApp Image 2025-12-08 at 11.09.57 PM (18).jpeg"
    },
    {
      "rotation": [
        [
          0.9846841929390358,
          -0.002919118400654907,
          0.17432303038830477
        ],
        [
          0.010438581121221292,
          -0.9970790267559884,
          -0.0756600979876829
        ],
        [
          0.174034698264957,
          0.07632098761869517,
          -0.9817774853034327
        ]
      ],
      "translation": [
        -3.6135420386972443,
        0.27637294499078896,
        2.314560411951572
      ],
      "image": "WhatsApp Image 2025-12-08 at 11.09.57 PM (19).jpeg"
    },
    {
      "rotation": [
        [
          0.9870075452540789,
          0.018244837910976325,
          0.15963468138571948
        ],
        [
          0.024119941643892695,
          -0.9990981866667212,
          -0.03494340873990326
        ],
        [
          0.1588531838730757,
          0.03833978728254728,
          -0.9865575131154369
        ]
      ],
      "translation": [
        -3.437340658717237,
        0.43152981701963333,
        3.0038629363022293
      ],
      "image": "WhatsApp Image 2025-12-08 at 11.09.57 PM (20).jpeg"
    },
    {
      "rotation": [
        [
          0.9512657428241365,
          0.06655775779878037,
          0.3011038880619836
        ],
        [
          0.06077602648589462,
          -0.9977433344972176,
          0.028539675382871135
        ],
        [
          0.3023239341068294,
          -0.008848917627185659,
          -0.9531641702891464
        ]
      ],
      "translation": [
        -5.66009623006072,
        0.5382460307416932,
        3.245931023302091
      ],
      "image": "WhatsApp Image 2025-12-08 at 11.09.57 PM (21).jpeg"
    },
    {
      "rotation": [
        [
          0.966005632439455,
          0.05050127655301276,
          0.253540409327123
        ],
        [
          0.02638648361350006,
          -0.9948730346455787,
          0.09762888106298823
        ],
        [
          0.2571708995546803,
          -0.08762000913953791,
          -0.9623855061359892
        ]
      ],
      "translation": [
        -5.465334035932247,
        0.2953994157653861,
        2.4057559820453562
      ],
      "image": "WhatsApp Image 2025-12-08 at 11.09.57 PM (22).jpeg"
    },
    {
      "rotation": [
        [
          0.7009696260080229,
          -0.11734932660337748,
          -0.7034704819392966
        ],
        [
          -0.13884979482220172,
          -0.9899512301180559,
          0.02678239096086918
        ],
        [
          -0.6995443644916344,
          0.07890308950530535,
          -0.7102196734634383
        ]
      ],
      "translation": [
        5.3888125145490555,
        -0.3883439722698695,
        -0.05116688920337701
      ],
      "image": "WhatsApp Image 2025-12-08 at 11.09.57 PM (23).jpeg"
    },
    {
      "rotation": [
        [
          0.7133465796397761,
          -0.17343561891764706,
          -0.6790115929841594
        ],
        [
          -0.16892753355273446,
          -0.982878099890826,
          0.07358076625579048
        ],
        [
          -0.680147150052121,
          0.06221516572068493,
          -0.7304307820939131
        ]
      ],
      "translation": [
        5.603540324332872,
        -0.6516615477002631,
        -1.3477986532011532
      ],
      "image": "WhatsApp Image 2025-12-08 at 11.09.57 PM (24).jpeg"
    },
    {
      "rotation": [
        [
          0.6737531700002872,
          -0.16201100724739365,
          -0.7209778772231846
        ],
        [
          -0.17352408387551604,
          -0.983075761713417,
          0.05874894932463075
        ],
        [
          -0.7182938522845141,
          0.08552473479801113,
          -0.6904632224152151
        ]
      ],
      "translation": [
        3.075557090992683,
        -1.0253499965253878,
        -3.2829269519146007
      ],
      "image": "WhatsApp Image 2025-12-08 at 11.09.57 PM (25).jpeg"
    },
    {
      "rotation": [
        [
          0.753228173476357,
          -0.1287193754891069,
          -0.6450415808730204
        ],
        [
          -0.1414459830173857,
          -0.9894198248797093,
          0.03227141185709411
        ],
        [
          -0.6423708839679122,
          0.06693080388505027,
          -0.7634657260948811
        ]
      ],
      "translation": [
        2.584540738121971,
        -0.9595500694336014,
        -3.062872881606195
      ],
      "image": "WhatsApp Image 2025-12-08 at 11.09.57 PM (26).jpeg"
    },
    {
      "rotation": [
        [
          0.6702290753605238,
          -0.14294260306824247,
          -0.7282584697546964
        ],
        [
          -0.15847652196581158,
          -0.9862086889214063,
          0.04772435312857207
        ],
        [
          -0.7250366739186348,
          0.08342562030932649,
          -0.6836387842633035
        ]
      ],
      "translation": [
        2.531887150840968,
        -1.166104514716674,
        -4.0054030841736505
      ],
      "image": "WhatsApp Image 2025-12-08 at 11.09.57 PM (27).jpeg"
    },
    {
      "rotation": [
        [
          0.6613715109738716,
          -0.1530291590847704,
          -0.7342818266455637
        ],
        [
          -0.1550426963031472,
          -0.9857152339043985,
          0.06578176017595712
        ],
        [
          -0.7338593099465235,
          0.07033885212743465,
          -0.6756500270748214
        ]
      ],
      "translation": [
        2.0964969865484093,
        -1.2080517436419445,
        -4.4095258736145695
      ],
      "image": "WhatsApp Image 2025-12-08 at 11.09.57 PM (28).jpeg"
    },
    {
      "rotation": [
        [
          0.7693492078994666,
          -0.14804317838331693,
          -0.6214378598368695
        ],
        [
          -0.13239883344327993,
          -0.9886070210538771,
          0.07160102531274481
        ],
        [
          -0.6249578747462281,
          0.027191455590739766,
          -0.7801847726888385
        ]
      ],
      "translation": [
        -0.23031191128299397,
        -0.9544551430002629,
        -3.5407635914460163
      ],
      "image": "WhatsApp Image 2025-12-08 at 11.09.57 PM (29).jpeg"
    },
    {
      "rotation": [
        [
          0.8126595627939409,
          -0.12278020990239297,
          -0.5696573137034977
        ],
        [
          -0.12346150709530308,
          -0.9916366389027158,
          0.03760362550980649
        ],
        [
          -0.569510044920471,
          0.03977180461142906,
          -0.8210216271771615
        ]
      ],
      "translation": [
        0.9421998075909299,
        -1.2616788884798633,
        -4.671108470601837
      ],
      "image": "WhatsApp Image 2025-12-08 at 11.09.57 PM (30).jpeg"
    },
    {
      "rotation": [
        [
          0.8970209605895499,
          -0.10154681683745495,
          -0.4301646664397033
        ],
        [
          -0.07362718170055647,
          -0.9939820085459855,
          0.0811098317204563
        ],
        [
          -0.43581238437868425,
          -0.041085407106024735,
          -0.8990993020490549
        ]
      ],
      "translation": [
        -0.538014682104215,
        -1.2636324270040626,
        -4.67077852018199
      ],
      "image": "WhatsApp Image 2025-12-08 at 11.09.57 PM (31).jpeg"
    },
    {
      "rotation": [
        [
          0.8082764975690495,
          -0.15192781866507044,
          -0.568864695154467
        ],
        [
          -0.10802068763835017,
          -0.9880013236258671,
          0.11038530498065735
        ],
        [
          -0.5788096703750287,
          -0.02777269214909081,
          -0.8149895968974958
        ]
      ],
      "translation": [
        3.1309285790190744,
        -0.7583243439507714,
        -2.03071559801925
      ],
      "image": "WhatsApp Image 2025-12-08 at 11.09.57 PM (32).jpeg"
    },
    {
      "rotation": [
        [
          0.7457931335568775,
          -0.15041882391180966,
          -0.648973635329203
        ],
        [
          -0.1409152920546086,
          -0.9877517687055664,
          0.06700241700258712
        ],
        [
          -0.6511032809044797,
          0.04148036682591162,
          -0.7578547992613163
        ]
      ],
      "translation": [
        3.644950320148222,
        -0.8308874229030052,
        -2.1731853452717
      ],
      "image": "WhatsApp Image 2025-12-08 at 11.09.57 PM (33).jpeg"
    },
    {
      "rotation": [
        [
          0.8813183547194944,
          -0.10179768909533984,
          -0.46142733786520634
        ],
        [
          -0.14985270813799,
          -0.9863243286494607,
          -0.06861839824639017
        ],
        [
          -0.4481318148695014,
          0.12962079003400018,
          -0.884520393938279
        ]
      ],
      "translation": [
        1.0480778927010252,
        -0.42026844844188394,
        -0.14499374813845378
      ],
      "image": "WhatsApp Image 2025-12-08 at 11.09.57 PM (34).jpeg"
    }
  ]
}