<?xml version="1.0" encoding="UTF-8"?>
<document version="2.0.0">
  <chunk label="Chunk 1" enabled="true">
    <sensors next_id="6">
      <sensor id="0" label="unknown" type="frame">
        <resolution width="875" height="1280"/>
        <property name="layer_index" value="0"/>
        <bands>
          <band label="Red"/>
          <band label="Green"/>
          <band label="Blue"/>
        </bands>
        <data_type>uint8</data_type>
        <calibration type="frame" class="adjusted">
          <resolution width="875" height="1280"/>
          <f>1134.4969421002356</f>
          <cx>-39.90411089856169</cx>
          <cy>-3.9234017272008805</cy>
          <k1>0.13079876082074565</k1>
          <k2>-0.48817486787170011</k2>
          <k3>0.70916425578223397</k3>
          <p1>0.001724350915654571</p1>
          <p2>-0.0027905472001112982</p2>
        </calibration>
        <covariance>
          <params>f cx cy k1 k2 k3 p1 p2</params>
          <coeffs>0.68214289112037041 0.015802434740809838 -0.36393157243331142 -0.0020934715781043877 0.013420851858597318 -0.022913016081660794 7.435089538495912e-05 -3.0840201648855135e-05 0.015802434740809838 1.4689302738260286 0.13473777488314309 5.0065937615801605e-05 -0.0010147533364361454 0.0026971328972610008 0.00045192113345946747 4.9565672646324359e-05 -0.36393157243331142 0.13473777488314309 2.2483088157613258 -0.00086295041040867202 0.004705649524508802 -0.0093808009515013568 -1.0178203256235004e-05 0.00063448610582799911 -0.0020934715781043877 5.0065937615801605e-05 -0.00086295041040867202 5.8434764831049774e-05 -0.00037109203509289295 0.00066794102565323336 -1.5363143436361914e-07 -3.6489349691061633e-07 0.013420851858597318 -0.0010147533364361454 0.004705649524508802 -0.00037109203509289295 0.0025393074802393437 -0.0047463713260747636 5.3036906247518828e-07 3.1134825361035677e-06 -0.022913016081660794 0.0026971328972610008 -0.0093808009515013568 0.00066794102565323336 -0.0047463713260747636 0.0091173968788882953 -5.5831545282915648e-07 -5.7938416432338504e-06 7.435089538495912e-05 0.00045192113345946747 -1.0178203256235004e-05 -1.5363143436361914e-07 5.3036906247518828e-07 -5.5831545282915648e-07 1.7071688257503479e-07 3.3636332182028366e-09 -3.0840201648855135e-05 4.9565672646324359e-05 0.00063448610582799911 -3.6489349691061633e-07 3.1134825361035677e-06 -5.7938416432338504e-06 3.3636332182028366e-09 2.2175839390737604e-07</coeffs>
        </covariance>
      </sensor>
      <sensor id="1" label="unknown" type="frame">
        <resolution width="762" height="1280"/>
        <property name="layer_index" value="0"/>
        <bands>
          <band label="Red"/>
          <band label="Green"/>
          <band label="Blue"/>
        </bands>
        <data_type>uint8</data_type>
        <calibration type="frame" class="adjusted">
          <resolution width="762" height="1280"/>
          <f>1137.5239668986903</f>
          <cx>-99.854716307875179</cx>
          <cy>-9.544163456882421</cy>
          <k1>0.098134098866962088</k1>
          <k2>-0.31687202985777579</k2>
          <k3>0.36788182630441885</k3>
          <p1>0.0025054163907901627</p1>
          <p2>-0.0028190162738046865</p2>
        </calibration>
        <covariance>
          <params>f cx cy k1 k2 k3 p1 p2</params>
          <coeffs>0.4472635807000836 -0.0024974808181412265 -0.28618519270736026 -0.0016301349979436957 0.0095784198163518085 -0.01520663214868557 4.6952981252525333e-05 -4.4580588647733622e-05 -0.0024974808181412265 1.2886874082618502 0.18577046438298017 0.00026308338367992101 -0.0023508623883140584 0.0049934943609997728 0.00036181936941881909 6.3888279705086236e-05 -0.28618519270736026 0.18577046438298017 2.4153932508853453 -0.00040036096661301163 0.0013698920938404785 -0.00067454178567183224 7.3240956501603416e-06 0.00069091890378604015 -0.0016301349979436957 0.00026308338367992101 -0.00040036096661301163 3.7590253073400971e-05 -0.00021340825003192545 0.00034872914488005564 -2.4742143385921448e-07 -1.2202533556308419e-07 0.0095784198163518085 -0.0023508623883140584 0.0013698920938404785 -0.00021340825003192545 0.0013067080639455777 -0.00221700569044192 5.0831258169166622e-07 1.0333380073590878e-06 -0.01520663214868557 0.0049934943609997728 -0.00067454178567183224 0.00034872914488005564 -0.00221700569044192 0.0038866670197259278 -3.886790132786789e-07 -1.0401958066822931e-06 4.6952981252525333e-05 0.00036181936941881909 7.3240956501603416e-06 -2.4742143385921448e-07 5.0831258169166622e-07 -3.886790132786789e-07 1.4113101150502895e-07 -1.7498792244737052e-09 -4.4580588647733622e-05 6.3888279705086236e-05 0.00069091890378604015 -1.2202533556308419e-07 1.0333380073590878e-06 -1.0401958066822931e-06 -1.7498792244737052e-09 2.2722940939915491e-07</coeffs>
        </covariance>
      </sensor>
      <sensor id="2" label="unknown" type="frame">
        <resolution width="960" height="1280"/>
        <property name="layer_index" value="0"/>
        <bands>
          <band label="Red"/>
          <band label="Green"/>
          <band label="Blue"/>
        </bands>
        <data_type>uint8</data_type>
        <calibration type="frame" class="adjusted">
          <resolution width="960" height="1280"/>
          <f>1137.778402501378</f>
          <cx>3.0663439507525716</cx>
          <cy>-6.7132938087121019</cy>
          <k1>0.10221626231952233</k1>
          <k2>-0.32356859706373325</k2>
          <k3>0.42438391043716034</k3>
          <p1>0.0016958151629697584</p1>
          <p2>-0.0024548732100414445</p2>
        </calibration>
        <covariance>
          <params>f cx cy k1 k2 k3 p1 p2</params>
          <coeffs>0.1320127378412706 0.010565866838986353 -0.057370954817866852 2.8027242796588154e-05 0.00017013968940556644 -0.00012862627249446703 5.782193953732076e-06 -7.9334021758033566e-06 0.010565866838986353 0.38992356882105039 -0.0065283346776981504 -2.4164963135346936e-05 6.7994934489397878e-05 -0.00015091127005872315 0.00010356560408672892 2.4230818305338701e-06 -0.057370954817866852 -0.0065283346776981504 0.75482019872696604 -0.00014276168261981363 0.00061096508537128132 -0.001164272435795186 -5.836537354108962e-06 0.00018508270970486743 2.8027242796588154e-05 -2.4164963135346936e-05 -0.00014276168261981363 1.4387799080390989e-06 -7.6917033501164417e-06 1.2382742784725487e-05 -2.7647467204939714e-10 -3.2257710016568114e-08 0.00017013968940556644 6.7994934489397878e-05 0.00061096508537128132 -7.6917033501164417e-06 4.5637883884133172e-05 -7.6638170900420233e-05 -3.2589443051956402e-10 1.5585632743591832e-07 -0.00012862627249446703 -0.00015091127005872315 -0.001164272435795186 1.2382742784725487e-05 -7.6638170900420233e-05 0.00013417231982827256 -8.6206339901442876e-09 -2.8336211703127835e-07 5.782193953732076e-06 0.00010356560408672892 -5.836537354108962e-06 -2.7647467204939714e-10 -3.2589443051956402e-10 -8.6206339901442876e-09 3.0448966853991865e-08 -3.4685955612340636e-10 -7.9334021758033566e-06 2.4230818305338701e-06 0.00018508270970486743 -3.2257710016568114e-08 1.5585632743591832e-07 -2.8336211703127835e-07 -3.4685955612340636e-10 4.8231777523460237e-08</coeffs>
        </covariance>
      </sensor>
      <sensor id="3" label="unknown" type="frame">
        <resolution width="868" height="1280"/>
        <property name="layer_index" value="0"/>
        <bands>
          <band label="Red"/>
          <band label="Green"/>
          <band label="Blue"/>
        </bands>
        <data_type>uint8</data_type>
        <calibration type="frame" class="adjusted">
          <resolution width="868" height="1280"/>
          <f>1132.4295494506575</f>
          <cx>-28.443417907927653</cx>
          <cy>6.6152743575861237</cy>
          <k1>0.12793136317521403</k1>
          <k2>-0.48557259810883513</k2>
          <k3>0.6462739022628452</k3>
          <p1>0.0019278770143333103</p1>
          <p2>-0.0011118981688271138</p2>
        </calibration>
        <covariance>
          <params>f cx cy k1 k2 k3 p1 p2</params>
          <coeffs>0.33790055482245657 0.067208954225637815 -0.062784066440132541 -0.001618612437623813 0.0097960950460088212 -0.015311506206237174 3.8392336639720976e-05 2.7774747316020023e-05 0.067208954225637815 1.0473023338627907 0.1323140704098538 -0.00029952694331486518 0.0014176929544522251 -0.0022927980399011058 0.00031340537273472004 5.0939221317961016e-05 -0.062784066440132541 0.1323140704098538 1.6787722915154997 -0.00082031204487945846 0.0051928770234022335 -0.009546936460317389 3.6103996310926978e-05 0.00047267585923063752 -0.001618612437623813 -0.00029952694331486518 -0.00082031204487945846 3.1760590813705062e-05 -0.00018130137934074811 0.00029150313708108198 -1.6808864284752141e-07 -3.2257598240450583e-07 0.0097960950460088212 0.0014176929544522251 0.0051928770234022335 -0.00018130137934074811 0.0011296041338594691 -0.0018958517785527236 7.2647076294908578e-07 2.8797394963972265e-06 -0.015311506206237174 -0.0022927980399011058 -0.009546936460317389 0.00029150313708108198 -0.0018958517785527236 0.0032799856744963746 -9.8504766210632104e-07 -5.1295985581600486e-06 3.8392336639720976e-05 0.00031340537273472004 3.6103996310926978e-05 -1.6808864284752141e-07 7.2647076294908578e-07 -9.8504766210632104e-07 1.1201178573084462e-07 1.4567791621310451e-08 2.7774747316020023e-05 5.0939221317961016e-05 0.00047267585923063752 -3.2257598240450583e-07 2.8797394963972265e-06 -5.1295985581600486e-06 1.4567791621310451e-08 1.675563617372352e-07</coeffs>
        </covariance>
      </sensor>
      <sensor id="4" label="unknown" type="frame">
        <resolution width="744" height="1280"/>
        <property name="layer_index" value="0"/>
        <bands>
          <band label="Red"/>
          <band label="Green"/>
          <band label="Blue"/>
        </bands>
        <data_type>uint8</data_type>
        <calibration type="frame" class="adjusted">
          <resolution width="744" height="1280"/>
          <f>1136.0537125314358</f>
          <cx>-107.88354909615994</cx>
          <cy>5.0496140222159349</cy>
          <k1>0.098116676502805228</k1>
          <k2>-0.35557362439002782</k2>
          <k3>0.50703270854412086</k3>
          <p1>0.0031959949729694435</p1>
          <p2>-0.0019932412750367505</p2>
        </calibration>
        <covariance>
          <params>f cx cy k1 k2 k3 p1 p2</params>
          <coeffs>0.39814287483220767 0.029966939979648454 -0.16460140134187837 -0.0024623592600250864 0.014369305998807628 -0.023454118862389895 5.6432144294790368e-05 -1.8035274879136816e-05 0.029966939979648454 1.40504886670791 0.20214139199742051 0.00080084211790819142 -0.0051033607816147533 0.0092901456619532263 0.00040560022474482317 7.954176575084235e-05 -0.16460140134187837 0.20214139199742051 2.3887006474809445 -0.00023249245615126874 0.0015640804268252503 -0.0041482642919338777 2.3329971378238123e-05 0.00069679876902788444 -0.0024623592600250864 0.00080084211790819142 -0.00023249245615126874 4.8540394941301647e-05 -0.00027517319706786987 0.00046291784315944659 -2.3178343635362278e-07 4.9398461984074396e-08 0.014369305998807628 -0.0051033607816147533 0.0015640804268252503 -0.00027517319706786987 0.0016952449357884923 -0.0029641420063738406 4.5711919552037474e-07 1.0593972378796132e-06 -0.023454118862389895 0.0092901456619532263 -0.0041482642919338777 0.00046291784315944659 -0.0029641420063738406 0.0053295684183283934 -3.4050333052173531e-07 -2.4432007384490152e-06 5.6432144294790368e-05 0.00040560022474482317 2.3329971378238123e-05 -2.3178343635362278e-07 4.5711919552037474e-07 -3.4050333052173531e-07 1.5757603155950908e-07 2.2380398273486662e-09 -1.8035274879136816e-05 7.954176575084235e-05 0.00069679876902788444 4.9398461984074396e-08 1.0593972378796132e-06 -2.4432007384490152e-06 2.2380398273486662e-09 2.4447809966331993e-07</coeffs>
        </covariance>
      </sensor>
      <sensor id="5" label="unknown" type="frame">
        <resolution width="775" height="1280"/>
        <property name="layer_index" value="0"/>
        <bands>
          <band label="Red"/>
          <band label="Green"/>
          <band label="Blue"/>
        </bands>
        <data_type>uint8</data_type>
        <calibration type="frame" class="adjusted">
          <resolution width="775" height="1280"/>
          <f>1201.3693044293273</f>
          <cx>-85.814594241224555</cx>
          <cy>21.989182485007127</cy>
          <k1>0.11532568626622049</k1>
          <k2>-0.44712375411007177</k2>
          <k3>0.66629600215766849</k3>
          <p1>0.00068330449693908258</p1>
          <p2>-0.00049800130823285404</p2>
        </calibration>
        <covariance>
          <params>f cx cy k1 k2 k3 p1 p2</params>
          <coeffs>0.80784024496241535 -0.34625500568932327 -0.16873281419547942 -0.0015506815374277515 0.010145355630108986 -0.016759727949808012 4.6803835710967753e-05 2.6404161945499017e-05 -0.34625500568932327 1.7138989576047259 -0.002542921459008602 -5.2389535478714351e-05 -0.0029170650907774254 0.0087897163019585028 0.00043989576707422444 -4.1768405904344577e-05 -0.16873281419547942 -0.002542921459008602 2.8464479969397174 -0.0012002066739455577 0.0097467756176186741 -0.018548949689868373 -9.0326269016669064e-05 0.00082443416917725519 -0.0015506815374277515 -5.2389535478714351e-05 -0.0012002066739455577 4.0317003677408252e-05 -0.00025024090374845101 0.00043715283277546589 -5.7134865683650325e-08 -4.4197245928377568e-07 0.010145355630108986 -0.0029170650907774254 0.0097467756176186741 -0.00025024090374845101 0.0016849362458908948 -0.0030630206585537836 -8.2986929731426637e-07 4.1635113893534598e-06 -0.016759727949808012 0.0087897163019585028 -0.018548949689868373 0.00043715283277546589 -0.0030630206585537836 0.0057319793895780936 2.8523582361050199e-06 -7.7389304765056776e-06 4.6803835710967753e-05 0.00043989576707422444 -9.0326269016669064e-05 -5.7134865683650325e-08 -8.2986929731426637e-07 2.8523582361050199e-06 1.8040667262339921e-07 -2.6833549144712584e-08 2.6404161945499017e-05 -4.1768405904344577e-05 0.00082443416917725519 -4.4197245928377568e-07 4.1635113893534598e-06 -7.7389304765056776e-06 -2.6833549144712584e-08 2.6679069478976214e-07</coeffs>
        </covariance>
      </sensor>
    </sensors>
    <components next_id="1" active_id="0">
      <component id="0" label="Component 1">
        <region>
          <center>-1.8486650378284761 1.1704743532029527 -12.728703235505554</center>
          <size>38.575464185078943 31.327467664082846 21.822621281941736</size>
          <R>-0.86230318294524211 0.3820922120509771 -0.33232327961263219 -0.49636400625263383 -0.76771222777309678 0.40526621944655605 -0.10027957907440428 0.5144156654084906 0.85165751872627782</R>
        </region>
        <partition>
          <camera_ids>0 1 2 3 4 5 6 7 8 9 10 11 12 13 14 15 16 17 18 19 20 21 22 23 24 25 26 27 28 29 30 31 32 33 34 35 36 37 38 39</camera_ids>
        </partition>
      </component>
    </components>
    <cameras next_id="40" next_group_id="0">
      <camera id="4" sensor_id="2" component_id="0" label="WhatsApp Image 2025-12-08 at 11.09.56 PM">
        <transform>0.98863252273950808 0.0041068979992610628 0.15029593597479707 -1.6901163071035867 0.018457500922758774 -0.99538099412897341 -0.094212510774858482 1.5564239578707524 0.14921479699213147 0.095915639577913228 -0.98414182638629721 8.2135766987832941 0 0 0 1</transform>
      </camera>
      <camera id="0" sensor_id="0" component_id="0" label="WhatsApp Image 2025-12-08 at 11.09.56 PM (1)">
        <transform>0.9954749484220885 -0.0072486558471171946 0.094747475177179449 -1.6899954469652383 0.0015964446136629701 -0.9956697831473762 -0.092946943423935099 1.527353879235064 0.095010938468345296 0.092677612807337467 -0.99115275394648283 8.1780311478243259 0 0 0 1</transform>
        <rotation_covariance>9.2200500435554977e-07 -8.3066168833437617e-08 -2.6041580738520696e-08 -8.306616883343763e-08 7.620797589627075e-07 4.4817546879017373e-08 -2.6041580738520696e-08 4.4817546879017367e-08 1.2850344327318205e-08</rotation_covariance>
        <location_covariance>7.6711938532647528e-06 -6.8710654769817542e-06 -1.6906528727418419e-05 -6.8710654769817542e-06 3.2328722593087246e-05 6.5069193019488627e-05 -1.6906528727418419e-05 6.5069193019488627e-05 0.00017024291359921784</location_covariance>
      </camera>
      <camera id="1" sensor_id="1" component_id="0" label="WhatsApp Image 2025-12-08 at 11.09.56 PM (2)">
        <transform>0.99990113596642138 -0.013758908638705644 -0.0029001251925621328 -1.7291717660437251 -0.013959386912148151 -0.9960949192048596 -0.087178251022266007 1.5422399443627852 -0.0016893223782716506 0.087210116198386034 -0.99618850717249585 8.1792136626382099 0 0 0 1</transform>
        <rotation_covariance>1.0247936554808545e-06 -1.0564086539563478e-07 -4.8724003696036041e-08 -1.0564086539563478e-07 6.2359941480824523e-07 3.3726452854193915e-08 -4.8724003696036034e-08 3.3726452854193921e-08 1.7942098815768337e-08</rotation_covariance>
        <location_covariance>7.7140525481885696e-06 -2.5421725832884255e-06 -5.7621081104126061e-06 -2.5421725832884255e-06 2.4219914663956655e-05 3.771679056274142e-05 -5.7621081104126061e-06 3.771679056274142e-05 0.00010012699910712003</location_covariance>
      </camera>
      <camera id="2" sensor_id="1" component_id="0" label="WhatsApp Image 2025-12-08 at 11.09.56 PM (3)">
        <transform>0.99990113596642138 -0.013758908638705637 -0.0029001251925620149 -1.7291717660437242 -0.013959386912148129 -0.99609491920485971 -0.087178251022265729 1.5422399443627861 -0.0016893223782715461 0.087210116198386034 -0.99618850717249618 8.179213662638201 0 0 0 1</transform>
        <rotation_covariance>1.024793655480773e-06 -1.0564086539564172e-07 -4.8724003696023144e-08 -1.0564086539564173e-07 6.2359941480825582e-07 3.3726452854192532e-08 -4.872400369602315e-08 3.3726452854192545e-08 1.7942098815767407e-08</rotation_covariance>
        <location_covariance>7.7140525481882969e-06 -2.5421725832888329e-06 -5.7621081104126857e-06 -2.5421725832888329e-06 2.4219914663959681e-05 3.7716790562745445e-05 -5.7621081104126857e-06 3.7716790562745445e-05 0.00010012699910712262</location_covariance>
      </camera>
      <camera id="3" sensor_id="2" component_id="0" label="WhatsApp Image 2025-12-08 at 11.09.56 PM (4)">
        <transform>0.99655610222021995 -0.022860365843058152 -0.079707834001201169 -1.764868174648518 -0.028933059942192987 -0.9966967782027254 -0.07588419046605871 1.5314247223065318 -0.077709800990756431 0.077929044610011378 -0.99392567671639698 8.1861870138245134 0 0 0 1</transform>
        <rotation_covariance>1.8497514951816238e-08 5.4139580477165569e-11 -4.1964828767848122e-09 5.4139580477165544e-11 2.0917597277093587e-08 -7.0517000042648911e-10 -4.1964828767848122e-09 -7.0517000042648932e-10 1.4894121647456228e-08</rotation_covariance>
        <location_covariance>7.167535689197654e-06 -5.1409424972128442e-07 -1.0149887787127625e-06 -5.1409424972128442e-07 1.0526058992826615e-05 6.0434380616756328e-06 -1.0149887787127625e-06 6.0434380616756328e-06 8.4169881076145125e-06</location_covariance>
      </camera>
      <camera id="39" sensor_id="2" component_id="0" label="WhatsApp Image 2025-12-08 at 11.09.57 PM">
        <transform>0.98736085537829466 -0.040021958093450716 -0.15335183121504609 -1.7851108519114458 -0.052237145699595401 -0.99570250869320009 -0.076470875444359071 1.5259038032078294 -0.14963228888111421 0.083515010940749507 -0.98520831354174243 8.1723827705646599 0 0 0 1</transform>
        <rotation_covariance>1.8338315608630501e-08 6.3278832778397068e-10 -3.7952620046135844e-09 6.3278832778397089e-10 2.7486208235747972e-08 1.9233283726178482e-09 -3.7952620046135852e-09 1.9233283726178486e-09 2.0054939086000787e-08</rotation_covariance>
        <location_covariance>7.9387330782653693e-06 -3.5267348872972661e-07 -8.8335893761638598e-07 -3.5267348872972661e-07 1.1001523890623447e-05 7.2149091590661101e-06 -8.8335893761638598e-07 7.2149091590661101e-06 1.1186765522196456e-05</location_covariance>
      </camera>
      <camera id="5" sensor_id="2" component_id="0" label="WhatsApp Image 2025-12-08 at 11.09.57 PM (1)">
        <transform>0.95998648822518862 0.021775918457263465 0.27919840938016005 -1.5119232563189864 0.057724714388815587 -0.99094943981440842 -0.12119020208019861 1.0981480644289381 0.27403247941402586 0.13245760494155229 -0.95255508140965195 6.1435826546633328 0 0 0 1</transform>
        <rotation_covariance>2.5338754070853635e-08 3.505516337445294e-11 -1.4180114470594252e-09 3.5055163374453147e-11 1.3938477703657039e-08 -1.7580115934247747e-09 -1.4180114470594252e-09 -1.7580115934247749e-09 8.4048802696225825e-09</rotation_covariance>
        <location_covariance>5.5362037406252552e-06 -1.1109452313256339e-06 -1.0332776866428538e-06 -1.1109452313256339e-06 1.2187851432074779e-05 3.1153261718374155e-06 -1.0332776866428538e-06 3.1153261718374155e-06 4.4221853116320826e-06</location_covariance>
      </camera>
      <camera id="6" sensor_id="2" component_id="0" label="WhatsApp Image 2025-12-08 at 11.09.57 PM (2)">
        <transform>0.95533236152232026 0.018982526390101978 0.29492328277034224 -1.267256840174281 0.05413856177145094 -0.99228856290066769 -0.11150078056160438 0.77973057742273866 0.29053243391660238 0.12248702636760099 -0.94899306278503326 4.5883679129187867 0 0 0 1</transform>
        <rotation_covariance>2.7257578556309805e-08 -3.0863840118957111e-10 -2.5854568726660496e-10 -3.0863840118957091e-10 1.727415899631691e-08 -2.1847445671533625e-09 -2.5854568726660372e-10 -2.1847445671533625e-09 9.5389849676142036e-09</rotation_covariance>
        <location_covariance>8.5472230414689083e-06 -1.6166727472234092e-06 -2.3289984196688028e-06 -1.6166727472234092e-06 1.5978443986621192e-05 2.9771206380060783e-06 -2.3289984196688028e-06 2.9771206380060783e-06 5.8756322027798165e-06</location_covariance>
      </camera>
      <camera id="7" sensor_id="2" component_id="0" label="WhatsApp Image 2025-12-08 at 11.09.57 PM (3)">
        <transform>0.98689983860995245 0.0030833710508142353 0.16130468491216515 -1.2762411195486019 0.020492622176767172 -0.99411478587498492 -0.10637596035314439 0.76664100750666409 0.16002737574543327 0.10828797406774446 -0.98115490809776507 4.5702950731950329 0 0 0 1</transform>
        <rotation_covariance>2.3871535954837985e-08 3.6967925311837343e-10 -2.691439203528727e-09 3.6967925311837349e-10 1.3819432929225707e-08 -3.4658439729913008e-09 -2.691439203528727e-09 -3.4658439729913004e-09 6.8924763892528619e-09</rotation_covariance>
        <location_covariance>8.0334143829396618e-06 -7.2621350541415718e-07 -9.7211777706263595e-07 -7.2621350541415718e-07 1.4365662462297757e-05 1.4744585840692775e-06 -9.7211777706263595e-07 1.4744585840692775e-06 4.0858527445724094e-06</location_covariance>
      </camera>
      <camera id="8" sensor_id="3" component_id="0" label="WhatsApp Image 2025-12-08 at 11.09.57 PM (4)">
        <transform>0.99919858460174038 -0.0056445290493417196 0.039627362032938672 -1.3226038804507434 -0.00093705488839765773 -0.99303448900035751 -0.11782031057476898 0.73229651189004119 0.040016377372453171 0.11768875455033947 -0.99224394510340819 4.4829428077171309 0 0 0 1</transform>
        <rotation_covariance>6.9093220412829961e-07 -9.8091727237580425e-08 -1.5997216636922742e-08 -9.8091727237580412e-08 5.249309695090407e-07 3.037510934898949e-08 -1.5997216636922742e-08 3.0375109348989476e-08 1.2262274707599678e-08</rotation_covariance>
        <location_covariance>8.7573426293065772e-06 -5.3659458051987643e-07 6.1968526305883468e-08 -5.3659458051987643e-07 1.911135094073008e-05 1.1915168511158085e-05 6.1968526305883468e-08 1.1915168511158085e-05 3.2668034942496406e-05</location_covariance>
      </camera>
      <camera id="9" sensor_id="4" component_id="0" label="WhatsApp Image 2025-12-08 at 11.09.57 PM (5)">
        <transform>0.99707213364370717 -0.016674972253332379 -0.074626440431902238 -1.3630966790178798 -0.025482700351708756 -0.99260590849244357 -0.1186766295808768 0.74859325139344146 -0.07209571619708538 0.12023084348968967 -0.99012461436921528 4.4934807345955043 0 0 0 1</transform>
        <rotation_covariance>1.1445270230553944e-06 -1.3353038792643732e-07 -6.6152848143086762e-08 -1.3353038792643732e-07 7.634610956310732e-07 5.1793243489462913e-08 -6.6152848143086762e-08 5.1793243489462906e-08 2.5263741727227347e-08</rotation_covariance>
        <location_covariance>9.7873566462216932e-06 9.3934277444098568e-07 3.6270248588305022e-06 9.3934277444098568e-07 2.4611244433817549e-05 1.8539835361846977e-05 3.6270248588305022e-06 1.8539835361846977e-05 4.3212266933345333e-05</location_covariance>
      </camera>
      <camera id="10" sensor_id="2" component_id="0" label="WhatsApp Image 2025-12-08 at 11.09.57 PM (6)">
        <transform>0.97518458234509731 -0.034367776184845635 -0.21870959356307801 -1.9043608135158316 -0.055379516997214571 -0.99433933669686581 -0.090677409504198961 0.75348127699188927 -0.21435517127789014 0.10053924336966813 -0.97156766161141916 4.5085155614714125 0 0 0 1</transform>
        <rotation_covariance>2.331397708677911e-08 2.194817042753715e-09 -5.0037585850330152e-09 2.194817042753715e-09 3.6961947141083015e-08 2.9605872951724139e-09 -5.0037585850330135e-09 2.9605872951724147e-09 2.8975150925828824e-08</rotation_covariance>
        <location_covariance>1.3420716749073318e-05 1.2464743102078554e-06 2.3473303784802921e-06 1.2464743102078554e-06 1.5991617403205028e-05 3.5320854456953624e-06 2.3473303784802921e-06 3.5320854456953624e-06 7.2397431499255402e-06</location_covariance>
      </camera>
      <camera id="11" sensor_id="2" component_id="0" label="WhatsApp Image 2025-12-08 at 11.09.57 PM (7)">
        <transform>0.89262109082717689 -0.083184314141571958 -0.44306653912397537 -0.25856404684060652 -0.10530392614791423 -0.99411287382049918 -0.025508375922083104 0.53699530081052649 -0.43833625374629442 0.069425960455322122 -0.89612575270802286 3.6429023734369816 0 0 0 1</transform>
        <rotation_covariance>3.0048712638877169e-08 8.8163035930189333e-09 5.3500529489118797e-09 8.8163035930189316e-09 8.0464314970499764e-08 1.4230345877030048e-08 5.3500529489118748e-09 1.423034587703005e-08 7.9794091452391197e-08</rotation_covariance>
        <location_covariance>3.032187502790095e-05 4.3186151165165027e-06 6.6100617090464898e-06 4.3186151165165027e-06 2.115489341041877e-05 4.3858315069435915e-06 6.6100617090464898e-06 4.3858315069435915e-06 1.6753191896975944e-05</location_covariance>
      </camera>
      <camera id="12" sensor_id="2" component_id="0" label="WhatsApp Image 2025-12-08 at 11.09.57 PM (8)">
        <transform>0.7532044722873017 -0.18521101498707002 -0.63117343326051567 3.620603991177008 -0.1561238529469974 -0.98245855373043833 0.10198300222527237 -0.067034123989420158 -0.63899011374777281 0.02172717490505538 -0.76890803377468564 1.1802797098133575 0 0 0 1</transform>
        <rotation_covariance>5.4526762713074335e-08 2.7713725928565028e-08 4.7599851010337863e-08 2.7713725928565034e-08 1.0772817179098513e-07 4.8428634853241896e-08 4.7599851010337857e-08 4.8428634853241909e-08 1.809601876582587e-07</rotation_covariance>
        <location_covariance>5.8132770977411523e-05 4.9236288974981586e-06 2.0196880016610423e-05 4.9236288974981586e-06 3.686443655426264e-05 -3.5418377533865517e-06 2.0196880016610423e-05 -3.5418377533865517e-06 3.2364989453931505e-05</location_covariance>
      </camera>
      <camera id="13" sensor_id="5" component_id="0" label="WhatsApp Image 2025-12-08 at 11.09.57 PM (9)">
        <transform>0.96305171276205215 -0.078886417600497902 -0.25750404203475818 2.9440613818791634 -0.091545695018179704 -0.99509344096544405 -0.037529048365111103 -0.0092113314810721939 -0.25328005106939833 0.0597158008044123 -0.96554815460678634 1.6696293417054864 0 0 0 1</transform>
        <rotation_covariance>1.1809261535927643e-06 5.5542813198180232e-08 1.6689220024387086e-09 5.5542813198180226e-08 7.998050918254012e-07 1.3753007458545584e-08 1.6689220024386722e-09 1.3753007458545585e-08 8.8083391099889137e-08</rotation_covariance>
        <location_covariance>4.801165077165107e-05 6.9318452123779067e-06 4.1236515992992789e-05 6.9318452123779067e-06 3.3732807337437939e-05 9.3019896830443481e-06 4.1236515992992789e-05 9.3019896830443481e-06 0.00011680086799647317</location_covariance>
      </camera>
      <camera id="14" sensor_id="2" component_id="0" label="WhatsApp Image 2025-12-08 at 11.09.57 PM (10)">
        <transform>0.99978310153248362 -0.011227653720815314 -0.017541085542612612 0.52137363872867859 -0.011808186681008578 -0.99937396574367265 -0.033350312158518691 -0.20945389039300899 -0.017155658465772834 0.03355020693959504 -0.99928978129315227 0.52523157078630267 0 0 0 1</transform>
        <rotation_covariance>3.2726604261171841e-08 -3.0843800440820648e-10 -1.2562451741713567e-08 -3.0843800440820638e-10 3.2873506056763213e-08 -4.055604859504286e-09 -1.2562451741713569e-08 -4.0556048595042869e-09 2.4371905115433009e-08</rotation_covariance>
        <location_covariance>2.7034083611123781e-05 6.1960952970800595e-07 1.4184216740867453e-07 6.1960952970800595e-07 3.3536563965998635e-05 -6.6490675992131485e-06 1.4184216740867453e-07 -6.6490675992131485e-06 8.4835274260586311e-06</location_covariance>
      </camera>
      <camera id="15" sensor_id="2" component_id="0" label="WhatsApp Image 2025-12-08 at 11.09.57 PM (11)">
        <transform>0.9962065143293487 -0.0096162774435656767 0.086487617702765696 -1.3871599003174622 -0.0074123402209569991 -0.9996404733583617 -0.025767833364860011 -0.29509905776536915 0.08670431373478564 0.025029007810913193 -0.99591963066694389 0.017634405059672235 0 0 0 1</transform>
        <rotation_covariance>4.0764093602816613e-08 -3.8923163724515347e-10 -8.1486468667692471e-09 -3.8923163724515332e-10 3.5968737724294884e-08 -5.6053457737772817e-09 -8.1486468667692471e-09 -5.6053457737772817e-09 1.0965407334123477e-08</rotation_covariance>
        <location_covariance>2.5614318728651649e-05 -1.7766219626291129e-07 -3.3105478273771303e-06 -1.7766219626291129e-07 3.7661622346796172e-05 -6.8489478041429622e-06 -3.3105478273771303e-06 -6.8489478041429622e-06 1.116635018647513e-05</location_covariance>
      </camera>
      <camera id="16" sensor_id="5" component_id="0" label="WhatsApp Image 2025-12-08 at 11.09.57 PM (12)">
        <transform>0.96305171276205126 -0.078886417600497916 -0.25750404203475824 2.9440613818791728 -0.091545695018179898 -0.99509344096544372 -0.037529048365111201 -0.0092113314810653279 -0.25328005106939855 0.059715800804412966 -0.965548154606786 1.6696293417054948 0 0 0 1</transform>
        <rotation_covariance>1.1809261535927237e-06 5.5542813198188537e-08 1.6689220024473378e-09 5.554281319818855e-08 7.9980509182541592e-07 1.3753007458542073e-08 1.6689220024472882e-09 1.3753007458542076e-08 8.8083391099887523e-08</rotation_covariance>
        <location_covariance>4.801165077165229e-05 6.9318452123789036e-06 4.1236515992993372e-05 6.9318452123789036e-06 3.3732807337439423e-05 9.3019896830458287e-06 4.1236515992993372e-05 9.3019896830458287e-06 0.00011680086799647356</location_covariance>
      </camera>
      <camera id="17" sensor_id="2" component_id="0" label="WhatsApp Image 2025-12-08 at 11.09.57 PM (13)">
        <transform>0.99978310153248384 -0.01122765372081503 -0.017541085542612082 0.5213736387286706 -0.011808186681008246 -0.99937396574367332 -0.033350312158518303 -0.20945389039302167 -0.01715565846577231 0.033550206939593846 -0.99928978129315238 0.52523157078628802 0 0 0 1</transform>
        <rotation_covariance>3.2726604261172596e-08 -3.0843800440855322e-10 -1.2562451741714237e-08 -3.0843800440855338e-10 3.287350605676185e-08 -4.0556048595042678e-09 -1.2562451741714237e-08 -4.0556048595042678e-09 2.4371905115433214e-08</rotation_covariance>
        <location_covariance>2.7034083611123032e-05 6.1960952970773024e-07 1.4184216740856489e-07 6.1960952970773024e-07 3.3536563965997931e-05 -6.6490675992133086e-06 1.4184216740856489e-07 -6.6490675992133086e-06 8.4835274260588514e-06</location_covariance>
      </camera>
      <camera id="18" sensor_id="2" component_id="0" label="WhatsApp Image 2025-12-08 at 11.09.57 PM (14)">
        <transform>0.99620651432934804 -0.0096162774435662526 0.086487617702763808 -1.3871599003174335 -0.0074123402209574293 -0.99964047335836137 -0.025767833364861548 -0.29509905776534356 0.086704313734784086 0.025029007810915382 -0.99591963066694333 0.017634405059648389 0 0 0 1</transform>
        <rotation_covariance>4.0764093602820967e-08 -3.892316372445197e-10 -8.1486468667698608e-09 -3.8923163724452001e-10 3.5968737724291687e-08 -5.605345773777151e-09 -8.1486468667698625e-09 -5.6053457737771493e-09 1.0965407334123502e-08</rotation_covariance>
        <location_covariance>2.5614318728650514e-05 -1.7766219626319367e-07 -3.3105478273769727e-06 -1.7766219626319367e-07 3.7661622346800319e-05 -6.8489478041427741e-06 -3.3105478273769727e-06 -6.8489478041427741e-06 1.1166350186474919e-05</location_covariance>
      </camera>
      <camera id="19" sensor_id="2" component_id="0" label="WhatsApp Image 2025-12-08 at 11.09.57 PM (15)">
        <transform>0.99359540608290331 0.0045103785290431485 0.11290626863232964 -2.3682239194460522 0.011901462650014568 -0.99782248875459656 -0.064874001898857198 -0.19540546811624604 0.11236780765744854 0.065802259999997753 -0.99148552101437704 -0.20484507865895155 0 0 0 1</transform>
        <rotation_covariance>4.2733711502012275e-08 2.6130391396265799e-09 -5.9519749060984623e-09 2.6130391396265803e-09 3.8541117051683067e-08 -5.0057020345028279e-09 -5.9519749060984614e-09 -5.0057020345028263e-09 9.2746559341444158e-09</rotation_covariance>
        <location_covariance>2.4480124140694431e-05 2.8121691974121526e-07 -3.8085147437854251e-06 2.8121691974121526e-07 3.9667833061449472e-05 -5.6508479837650167e-06 -3.8085147437854251e-06 -5.6508479837650167e-06 1.1896668957102109e-05</location_covariance>
      </camera>
      <camera id="20" sensor_id="2" component_id="0" label="WhatsApp Image 2025-12-08 at 11.09.57 PM (16)">
        <transform>0.98625209311960871 0.0099466528899827961 0.16494809157270182 -3.3996179577325143 0.019974482275473115 -0.99804349141441218 -0.059247019360953765 -0.50484938346982366 0.16403605967901394 0.061727249587330488 -0.98452116167371773 -1.8784597983488698 0 0 0 1</transform>
        <rotation_covariance>7.0237628267496033e-08 6.2839886392180919e-09 -5.9402103017705253e-09 6.2839886392180919e-09 5.6488310019825662e-08 -6.9582945011719823e-09 -5.9402103017705261e-09 -6.9582945011719815e-09 1.5344966402659953e-08</rotation_covariance>
        <location_covariance>3.1610299484117502e-05 -7.6193424855854972e-07 -6.3995510457812429e-06 -7.6193424855854972e-07 5.5551377412068385e-05 -7.0805041197347897e-06 -6.3995510457812429e-06 -7.0805041197347897e-06 1.9944283200170557e-05</location_covariance>
      </camera>
      <camera id="21" sensor_id="2" component_id="0" label="WhatsApp Image 2025-12-08 at 11.09.57 PM (17)">
        <transform>0.98087147969598165 0.027926700004935304 0.19264277755953191 -3.8288843461620847 0.034276509631137611 -0.99897076942064011 -0.029707284134383116 -0.032627920285322236 0.19161487730999249 0.03574214976702951 -0.98081916657634105 0.52801077557037623 0 0 0 1</transform>
        <rotation_covariance>4.3542582354427914e-08 3.3148064470446567e-09 -1.2606028498771592e-09 3.3148064470446571e-09 3.4513934006064596e-08 -4.835036701307479e-09 -1.2606028498771608e-09 -4.835036701307479e-09 1.5389206067244823e-08</rotation_covariance>
        <location_covariance>1.9619056707469249e-05 -8.3630041709502425e-07 -3.9720974069116359e-06 -8.3630041709502425e-07 3.399215437884234e-05 -4.34047917641358e-06 -3.9720974069116359e-06 -4.34047917641358e-06 1.4105212268833143e-05</location_covariance>
      </camera>
      <camera id="22" sensor_id="2" component_id="0" label="WhatsApp Image 2025-12-08 at 11.09.57 PM (18)">
        <transform>0.98077925045786385 0.01687250712288052 0.19438976406873343 -3.6913656295441761 0.016799297553636169 -0.99985683072120513 0.0020252559964596822 0.18366436314464291 0.19439610457263268 0.0012792824297797323 -0.98092227926755249 1.6096119832332991 0 0 0 1</transform>
        <rotation_covariance>4.0401670221881393e-08 2.5595037530935439e-09 -1.7603176744619344e-09 2.5595037530935439e-09 3.3342362130645043e-08 -6.3276067592896569e-09 -1.760317674461934e-09 -6.3276067592896585e-09 1.4912886363909851e-08</rotation_covariance>
        <location_covariance>1.678042159215476e-05 -6.8227097130992264e-07 -2.7323150830593409e-06 -6.8227097130992264e-07 2.7315516393683658e-05 -3.8483800229920425e-06 -2.7323150830593409e-06 -3.8483800229920425e-06 1.2107366520698211e-05</location_covariance>
      </camera>
      <camera id="23" sensor_id="2" component_id="0" label="WhatsApp Image 2025-12-08 at 11.09.57 PM (19)">
        <transform>0.98468419293903575 -0.0029191184006549069 0.17432303038830477 -3.6135420386972443 0.010438581121221292 -0.99707902675598836 -0.075660097987682903 0.27637294499078896 0.17403469826495699 0.076320987618695171 -0.98177748530343267 2.3145604119515721 0 0 0 1</transform>
        <rotation_covariance>4.059074637028901e-08 2.2028006296078515e-09 -3.7046106633397679e-09 2.202800629607851e-09 3.5193513031211713e-08 -4.3785831011172515e-09 -3.7046106633397663e-09 -4.3785831011172498e-09 1.1748370605344582e-08</rotation_covariance>
        <location_covariance>1.6254049217857316e-05 -9.6732007327635753e-07 -1.9301726536018012e-06 -9.6732007327635753e-07 2.556775792903387e-05 -1.1256089507366391e-06 -1.9301726536018012e-06 -1.1256089507366391e-06 8.6448315019886726e-06</location_covariance>
      </camera>
      <camera id="24" sensor_id="2" component_id="0" label="WhatsApp Image 2025-12-08 at 11.09.57 PM (20)">
        <transform>0.98700754525407886 0.018244837910976325 0.15963468138571948 -3.437340658717237 0.024119941643892695 -0.99909818666672123 -0.034943408739903259 0.43152981701963333 0.1588531838730757 0.038339787282547277 -0.98655751311543693 3.0038629363022293 0 0 0 1</transform>
        <rotation_covariance>4.0005256429671738e-08 1.6873523261177128e-09 -4.1061985426727945e-09 1.6873523261177128e-09 3.4416837354586865e-08 -4.5269796327777381e-09 -4.1061985426727929e-09 -4.5269796327777389e-09 1.0993367541889617e-08</rotation_covariance>
        <location_covariance>1.5265883228519622e-05 -9.6110684022326161e-07 -1.4557684468817676e-06 -9.6110684022326161e-07 2.2448945248143673e-05 -1.085516845339368e-06 -1.4557684468817676e-06 -1.085516845339368e-06 7.8583957197525899e-06</location_covariance>
      </camera>
      <camera id="25" sensor_id="2" component_id="0" label="WhatsApp Image 2025-12-08 at 11.09.57 PM (21)">
        <transform>0.95126574282413645 0.06655775779878037 0.30110388806198363 -5.66009623006072 0.06077602648589462 -0.99774333449721764 0.028539675382871135 0.53824603074169319 0.3023239341068294 -0.0088489176271856589 -0.95316417028914635 3.245931023302091 0 0 0 1</transform>
        <rotation_covariance>5.7451092335365443e-08 7.1239840206989314e-09 -7.622466330367463e-10 7.1239840206989339e-09 6.9404227488979819e-08 -3.7357584262678386e-09 -7.6224663303673803e-10 -3.7357584262678378e-09 3.2628168765102077e-08</rotation_covariance>
        <location_covariance>2.6004985364808313e-05 3.0102970221484166e-08 1.4039008810829984e-06 3.0102970221484166e-08 2.9612450346791936e-05 9.8487404506098877e-07 1.4039008810829984e-06 9.8487404506098877e-07 1.7435635101361308e-05</location_covariance>
      </camera>
      <camera id="26" sensor_id="2" component_id="0" label="WhatsApp Image 2025-12-08 at 11.09.57 PM (22)">
        <transform>0.96600563243945503 0.050501276553012758 0.25354040932712302 -5.4653340359322469 0.026386483613500059 -0.99487303464557875 0.097628881062988226 0.29539941576538609 0.25717089955468031 -0.087620009139537908 -0.96238550613598917 2.4057559820453562 0 0 0 1</transform>
